$ 1 0.000049999999999999996 124.26481670549957 50 9 43 5e-11
165 -96 160 0 160 14 8.999991507898944
g 0 368 0 400 0 0
R -32 96 -32 48 0 0 40 9 0 0 0.5
w -96 256 -96 288 0
w -96 192 -128 192 0
w -96 256 -128 256 0
r -128 192 -128 128 0 2200
w -128 128 -32 128 0
209 -128 256 -192 256 4 0.0000022 4.601601005052745 0.001 0 1
g -192 256 -192 400 0 0
174 -128 192 -96 240 1 250000 0.5 Resistance
w -96 224 -96 192 0
w 32 224 128 224 0
t 128 224 176 224 2 1 -0.000008492101056134516 0.5913360349792871 100 default
w 32 128 176 128 0
w 176 128 176 208 0
r 176 240 176 288 0 1200
162 176 288 176 320 2 default-led 1 0 0 0.003
r 176 320 176 352 0 6800
g 176 384 176 400 0 0
w 32 192 32 128 0
w 32 128 -32 128 0
w 0 320 0 368 1
w 176 352 176 384 1
w -32 96 -32 128 1
o 17 64 0 4099 2.5 0.00625 0 2 17 3
