$ 3 0.0000049999999999999996 382.76258214399064 56 5 50 5e-11
t 336 240 416 240 1 1 -5.949998549815685 -11.999997099631369 100 default
t 400 320 520 320 0 1 -5.671429901627095 0.6004231309059814 100 default
x 411 276 420 279 4 24 °
w 416 224 464 224 0
R 464 224 464 160 0 0 40 12 0 0 0.5
w 336 240 336 304 0
r 336 304 336 352 0 470000
g 336 352 336 392 0 0
c 336 304 400 304 4 4.7e-8 -0.6004202305373498 0.001 0
r 400 288 464 288 0 470000
r 464 224 464 288 0 4700
w 400 304 400 320 0
w 464 288 520 288 0
w 520 288 520 304 0
w 400 288 400 304 0
g 520 336 520 392 0 0
c 520 304 592 304 4 4.7000000000000004e-8 6.271853032763222 0.001 0
p 592 304 656 304 3 0 2 10000000
g 656 304 656 392 0 0
x 261 126 801 129 4 72 Source\sof\sNoise*
x 476 346 518 349 4 12 2N3904
x 406 243 448 246 4 12 2N3904
x 340 266 398 269 4 10 is\sclipped\soff.
x 593 414 785 417 4 8 *\sThis\ssimulator\sdoes\snot\smodel\sany\sbreakdown\snoise.
x 340 257 398 260 4 10 collector\slead
423 400 237 283 181 0
x 261 173 432 176 4 9 Reversed\sbiased\sNP\sjunction\snoise\ssource.
b 260 160 433 181 0
o 17 64 0 12290 0.0001 0.0001 0 1
