$ 1 0.0005 1.8479586061009856 50 5 43 5e-11
v -48 256 16 256 0 6 40 0.2 0 0 0.159154943092
g -48 256 -48 272 0 0
a 16 240 112 240 8 12 0 1000000 0.186198703716912 0.18614056570394918 100000
w 16 224 16 192 0
w 16 192 112 192 0
w 112 192 112 240 0
r 112 240 208 240 0 1200
d 176 272 208 240 2 default
d 208 240 240 272 2 default
d 176 272 208 304 2 default
d 208 304 240 272 2 default
r 240 272 320 272 0 1200
g 176 272 176 336 0 0
g 208 304 208 320 0 0
r 432 256 496 256 0 1200
w 432 208 432 256 0
a 320 256 432 256 8 12 0 1000000 0.15139661377418176 0.1513532674016969 100000
w 320 208 320 240 0
r 432 208 320 208 0 470000
r 320 240 320 352 0 47000
g 320 352 320 368 0 0
p 848 224 848 288 3 2 0 10000000
g 848 288 848 304 0 0
g 496 336 496 352 0 0
r 496 224 496 336 0 470000
r 608 192 496 192 0 470000
w 496 192 496 224 0
a 496 240 608 240 8 12 0 1000000 1.6653894437271244 1.665362751515999 100000
w 608 192 608 240 0
r 784 224 848 224 0 1200
w 784 176 784 224 0
a 672 224 784 224 8 12 0 1000000 3.3307722720088084 3.3307788874542488 100000
w 672 176 672 208 0
r 784 176 672 176 0 470000
r 672 208 672 320 0 470000
g 672 320 672 336 0 0
r 608 240 672 240 0 1200
x 171 201 252 204 4 12 Noise\sRectifier
w 848 224 960 224 0
w 960 224 960 400 0
w 960 400 -64 400 0
w -64 400 -64 528 0
r 64 512 160 512 0 10
w 64 528 64 512 0
w -32 528 64 528 0
w -64 528 -32 528 0
159 160 512 256 512 2 20 10000000000 2.5
v 208 592 208 528 0 2 5 5 0 0 0.01
g 208 592 208 640 0 0
c 256 512 256 592 4 0.000001 0.4808233253698024 0.001 0
g 256 592 256 640 0 0
w 256 512 288 512 0
a 288 496 384 496 8 9 0 1000000 0.7215339252546736 0.4808233253698024 100000
w 288 480 288 448 0
w 288 448 480 448 0
w 480 448 480 496 0
r 384 496 480 496 0 1000
p 720 512 720 576 3 2 0 10000000
g 720 576 720 656 0 0
209 480 496 480 592 4 0.000022 0.7215339252546736 0.001 0 1
g 480 592 480 640 0 0
w 512 528 544 528 0
g 544 608 544 624 0 0
r 544 496 544 608 0 470000
r 656 464 544 464 0 470000
w 544 464 544 496 0
a 544 512 656 512 8 12 0 1000000 0.7215794936648003 0.7215339252546736 100000
w 656 464 656 512 0
r 656 512 720 512 0 1200
w 512 528 512 496 0
w 512 496 480 496 0
x 4 459 195 462 4 24 Sample\sand\sHold
o 21 1 0 x293512 5 0.1 0 1 10 2 -79
o 57 1 0 x281112 5 0.1 1 1 10 1 -79
