$ 3 0.000005 382.76258214399064 50 5 50 5e-11
165 328 392 448 392 14 4.999950000499995
w 328 488 328 520 0
g 424 552 424 560 0 0
w 456 424 456 360 0
w 456 360 392 360 0
w 392 360 288 360 0
r 288 360 288 424 0 1200
r 288 424 288 488 0 6800
w 288 424 328 424 0
w 328 488 288 488 0
209 288 488 224 488 4 0.00001 2.070753426804789 0.001 0 1
g 224 488 224 560 0 0
w 392 360 392 344 0
R 392 344 392 264 0 0 40 5 0 0 0.5
w 456 456 584 456 0
r 584 456 632 456 0 1200
r 584 456 584 536 0 100000
g 584 536 584 560 0 0
a 632 448 712 448 10 15 -15 1000000 4.999900001499981 4.999950000499996 100000
w 632 440 632 424 0
w 632 424 712 424 0
w 712 424 712 448 0
r 712 448 768 448 0 120
174 768 448 832 496 1 50000 0.0347 Resistance
w 800 496 832 496 0
w 832 496 832 448 0
w 832 448 864 448 0
209 864 448 864 512 4 0.000009999999999999999 1.6699939806765614 0.001 0 25
209 864 552 864 512 4 0.000009999999999999999 -1.6699939796563117 0.001 0 25
g 864 552 864 560 0 0
w 864 448 944 448 0
r 944 448 944 528 0 100000
g 944 528 944 560 0 0
r 944 448 1032 448 0 120
g 1032 512 1032 560 0 0
p 1032 448 1032 512 3 0 0 10000000
o 35 64 0 4098 5 0.1 0 1
