$ 1 0.000005 382.76258214399064 50 5 43 5e-11
165 64 160 208 160 14 8.99306762179301
R 128 48 128 -32 0 0 40 9 0 0 0.5
w 128 128 192 128 0
w 192 128 192 192 0
r 32 192 32 128 0 1200
w 64 128 128 128 0
g 160 336 160 352 0 0
w 192 224 224 224 3
r 32 192 32 256 0 6800
w 32 256 64 256 0
162 352 208 368 208 2 default-led 1 0 0 0.001
162 384 208 368 208 2 default-led 0 1 0 0.001
w 352 208 320 208 0
w 384 208 416 208 0
t 272 224 320 224 0 1 0.6448508981230944 0.6742137734040585 100 default
t 464 224 416 224 0 1 -7.853874122656926 0.029362929350950445 100 default
g 320 240 320 336 0 0
r 272 224 256 224 0 1200
w 256 224 224 224 0
w 320 208 320 176 0
w 320 176 464 176 0
r 464 176 464 224 0 6800
r 320 176 320 112 0 1200
g 416 240 416 336 0 0
r 416 208 416 112 0 1200
w 320 112 416 112 0
g 368 304 368 336 0 0
209 32 256 -32 256 4 0.00001 3.549434239133658 0.001 0 1
g -32 256 -32 336 0 0
w 64 128 32 128 0
w 64 192 32 192 0
w 64 256 64 288 0
w 128 64 128 128 0
w 128 64 320 64 0
w 320 64 320 112 0
370 128 48 128 64 3 0 0
w 160 320 160 336 1
w 368 208 368 256 0
r 368 256 368 304 0 6800
o 17 64 0 4099 10 0.0125 0 2 17 3
