$ 3 0.000049999999999999996 6.450009306485578 63 5 43 5e-11
163 256 448 448 448 6 10 0 0 0 0 0 5 0 0 0 0
r 288 416 288 -144 0 1200
165 -24 416 24 416 14 8.999999910000001
w -24 512 -24 544 0
w 40 384 104 384 0
w 104 384 104 448 0
w 256 480 104 480 0
r -24 448 -24 384 0 2200
r -24 448 -24 512 0 1200
g 72 576 72 592 0 0
209 -24 512 -80 512 4 0.0000022 4.694266049966508 0.001 0 1
g -80 512 -80 592 0 0
w -24 384 40 384 0
R 40 -384 40 -464 0 0 40 9 0 0 0.5
r 320 416 320 -88 0 1200
r 352 416 352 -32 0 1200
r 384 416 384 24 0 1200
r 416 416 416 80 0 1200
r 448 416 448 136 0 1200
r 480 416 480 192 0 1200
r 512 416 512 248 0 1200
g 320 512 320 536 0 0
g 576 512 576 536 0 0
r 544 416 544 304 0 1200
r 576 408 576 360 0 1200
t 576 360 632 360 2 1 -2.683789053424497 3.3405466262310203e-9 100 default
t 544 304 600 304 2 1 -2.6837890214938156 3.340546616376223e-9 100 default
g 600 320 600 328 0 0
g 632 384 632 392 0 0
t 512 248 560 248 2 1 -2.683794960932498 3.340553958963965e-9 100 default
t 480 192 528 192 2 1 -2.6837958352811615 3.340555093598622e-9 100 default
t 448 136 496 136 2 1 0.6282990142662959 0.649408596657998 100 default
t 416 80 464 80 2 1 -2.6837898131082727 3.340547827538254e-9 100 default
t 384 24 432 24 2 1 -2.6837944045951323 3.3405534003219472e-9 100 default
t 352 -32 400 -32 2 1 -2.6837913265450513 3.3405494293363813e-9 100 default
t 320 -88 368 -88 2 1 -2.683787338869065 3.3405446390419405e-9 100 default
t 288 -144 336 -144 2 1 -2.6837875578071086 3.340545016699991e-9 100 default
g 336 -128 336 -120 0 0
g 368 -72 368 -64 0 0
g 400 -16 400 -8 0 0
g 432 40 432 48 0 0
g 464 96 464 104 0 0
g 496 152 496 160 0 0
g 528 208 528 216 0 0
g 560 264 560 272 0 0
r 632 344 688 344 0 1200
r 600 288 656 288 0 1200
r 560 232 624 232 0 1200
r 528 176 592 176 0 1200
r 496 120 560 120 0 1200
r 464 64 528 64 0 1200
r 432 8 496 8 0 1200
r 400 -48 464 -48 0 1200
r 368 -104 432 -104 0 1200
r 336 -160 400 -160 0 1200
w 400 -160 400 -192 0
w 432 -104 432 -192 0
w 464 -48 464 -192 0
w 496 8 496 -192 0
w 528 64 528 -192 0
w 560 120 560 -192 0
w 592 176 592 -192 0
w 624 232 624 -192 0
w 656 288 656 -192 0
w 688 336 688 -192 0
162 400 -256 400 -192 2 default-led 1 1 1 0.002
162 432 -256 432 -192 2 default-led 1 1 1 0.002
w 400 -256 432 -256 0
w 432 -256 464 -256 0
w 464 -256 496 -256 0
w 496 -256 528 -256 0
w 528 -256 544 -256 0
w 560 -256 592 -256 0
w 592 -256 624 -256 0
w 624 -256 656 -256 0
w 656 -256 688 -256 0
w 544 -256 560 -256 0
w 544 -256 544 -264 0
r 544 -264 544 -320 0 6800
w 544 -320 40 -320 1
w 40 -384 40 -320 0
w 40 -320 40 384 1
162 496 -256 496 -192 2 default-led 1 1 1 0.002
162 464 -256 464 -192 2 default-led 1 1 1 0.002
162 592 -256 592 -192 2 default-led 1 1 1 0.002
162 624 -256 624 -192 2 default-led 1 1 1 0.002
162 560 -256 560 -192 2 default-led 1 1 1 0.002
162 528 -256 528 -192 2 default-led 1 1 1 0.002
162 688 -256 688 -192 2 default-led 1 1 1 0.002
162 656 -256 656 -192 2 default-led 1 1 1 0.002
w 632 376 632 384 1
w 576 408 576 416 1
w 688 336 688 344 1
o 6 1 0 x38b012 8.999999910000001 0.0001 0 1 5 5 0
