$ 3 0.000049999999999999996 382.76258214399064 47 5 43 5e-11
163 256 1112 448 1112 6 10 0 0 0 0 0 0 0 5 0 0
r 288 432 288 -144 0 1200
165 -24 416 24 416 14 0
w -24 512 -24 544 0
w 40 384 104 384 0
w 104 384 104 448 0
w 176 480 104 480 0
r -24 448 -24 384 0 2200
r -24 448 -24 512 0 1200
g 72 576 72 592 0 0
209 -24 512 -80 512 4 0.0000022 5.738426912437819 0.001 0 1
g -80 512 -80 592 0 0
w -24 384 40 384 0
R 40 -384 40 -464 0 0 40 9 0 0 0.5
r 320 432 320 -88 0 1200
r 352 432 352 -32 0 1200
r 384 432 384 24 0 1200
r 416 432 416 80 0 1200
r 448 432 448 136 0 1200
r 480 432 480 192 0 1200
r 512 432 512 248 0 1200
g 320 1176 320 1200 0 0
g 576 1176 576 1200 0 0
r 544 432 544 304 0 1200
r 576 424 576 360 0 1200
t 576 360 632 360 2 1 -2.6837903178166718 3.3405481571621394e-9 100 default
t 544 304 600 304 2 1 -2.6837931444088547 3.3405518297201645e-9 100 default
g 600 320 600 328 0 0
g 632 384 632 392 0 0
t 512 248 560 248 2 1 0.6282990142662959 0.6494085966580067 100 default
t 480 192 528 192 2 1 -2.683793352631081 3.340551909585171e-9 100 default
t 448 136 496 136 2 1 -2.6837914033867603 3.340549674811192e-9 100 default
t 416 80 464 80 2 1 -2.68378921709852 3.3405470547764e-9 100 default
t 384 24 432 24 2 1 -2.6837928409925857 3.3405512569464547e-9 100 default
t 352 -32 400 -32 2 1 -2.683792831072212 3.3405514691414897e-9 100 default
t 320 -88 368 -88 2 1 -2.683791039365477 3.340549116329209e-9 100 default
t 288 -144 336 -144 2 1 -2.6837881973125777 3.3405458137314843e-9 100 default
g 336 -128 336 -120 0 0
g 368 -72 368 -64 0 0
g 400 -16 400 -8 0 0
g 432 40 432 48 0 0
g 464 96 464 104 0 0
g 496 152 496 160 0 0
g 528 208 528 216 0 0
g 560 264 560 272 0 0
r 632 344 688 344 0 1200
r 600 288 656 288 0 1200
r 560 232 624 232 0 1200
r 528 176 592 176 0 1200
r 496 120 560 120 0 1200
r 464 64 528 64 0 1200
r 432 8 496 8 0 1200
r 400 -48 464 -48 0 1200
r 368 -104 432 -104 0 1200
r 336 -160 400 -160 0 1200
w 400 -160 400 -192 0
w 432 -104 432 -192 0
w 464 -48 464 -192 0
w 496 8 496 -192 0
w 528 64 528 -192 0
w 560 120 560 -192 0
w 592 176 592 -192 0
w 624 232 624 -192 0
w 656 288 656 -192 0
w 688 336 688 -192 0
162 400 -256 400 -192 2 default-led 1 1 1 0.002
162 432 -256 432 -192 2 default-led 1 1 1 0.002
w 400 -256 432 -256 0
w 432 -256 464 -256 0
w 464 -256 496 -256 0
w 496 -256 528 -256 0
w 528 -256 544 -256 0
w 560 -256 592 -256 0
w 592 -256 624 -256 0
w 624 -256 656 -256 0
w 656 -256 688 -256 0
w 544 -256 560 -256 0
w 544 -256 544 -264 0
r 544 -264 544 -320 0 6800
w 544 -320 40 -320 1
w 40 -384 40 -320 0
w 40 -320 40 384 1
162 496 -256 496 -192 2 default-led 1 1 1 0.002
162 464 -256 464 -192 2 default-led 1 1 1 0.002
162 592 -256 592 -192 2 default-led 1 1 1 0.002
162 624 -256 624 -192 2 default-led 1 1 1 0.002
162 560 -256 560 -192 2 default-led 1 1 1 0.002
162 528 -256 528 -192 2 default-led 1 1 1 0.002
162 688 -256 688 -192 2 default-led 1 1 1 0.002
162 656 -256 656 -192 2 default-led 1 1 1 0.002
w 632 376 632 384 1
w 688 336 688 344 1
w 1056 704 1056 768 0
w 976 704 1056 704 0
w 976 752 976 704 0
a 976 768 1056 768 8 15 -15 1000000 2.458841380377811 2.458865968791615 100000
r 808 784 888 784 0 470
w 912 784 976 784 3
g 912 912 912 976 0 0
r 624 536 768 536 0 1000
r 624 592 768 592 0 5837
r 624 648 768 648 0 3963
r 624 704 768 704 0 9426
r 624 760 768 760 0 379
r 624 816 768 816 0 8633
r 624 872 768 872 0 2568
r 624 928 768 928 0 1555
r 624 984 768 984 0 5765
r 624 1040 768 1040 0 4470
w 808 536 808 592 0
w 808 592 808 648 0
w 808 648 808 704 0
w 808 704 808 760 0
w 808 760 808 784 0
w 808 784 808 816 0
w 808 816 808 872 0
w 808 872 808 920 0
w 808 928 808 984 0
w 808 984 808 1040 0
w 888 784 912 784 0
f 680 1064 624 1064 32 1.5 0.02
w 176 480 176 1144 0
w 176 1144 256 1144 0
w 576 1080 624 1080 0
g 680 1064 680 1200 0 0
w 544 1024 624 1024 0
f 680 1008 624 1008 32 1.5 0.02
f 680 952 624 952 32 1.5 0.02
w 512 968 624 968 0
w 480 912 624 912 0
f 680 896 624 896 32 1.5 0.02
f 680 672 624 672 32 1.5 0.02
w 352 688 624 688 0
w 384 744 624 744 0
f 680 728 624 728 32 1.5 0.02
f 680 784 624 784 32 1.5 0.02
w 416 800 624 800 0
w 448 856 624 856 0
f 680 840 624 840 32 1.5 0.02
f 680 616 624 616 32 1.5 0.02
w 320 632 624 632 0
w 288 576 624 576 0
f 680 560 624 560 32 1.5 0.02
w 680 616 680 640 0
w 680 560 680 616 0
w 680 640 680 672 0
w 680 672 680 728 0
w 680 728 680 784 0
w 680 784 680 840 0
w 680 840 680 896 0
w 680 896 680 952 0
w 680 952 680 1008 0
w 680 1008 680 1064 0
w 544 1024 544 1080 0
w 512 968 512 1080 0
w 480 912 480 1080 0
w 448 856 448 1080 0
w 416 800 416 1080 0
w 384 744 384 1080 0
w 352 688 352 1080 0
w 320 632 320 1080 0
w 288 576 288 1080 0
w 624 1048 624 1040 0
w 624 992 624 984 0
w 624 936 624 928 0
w 624 880 624 872 0
w 624 824 624 816 0
w 624 768 624 760 0
w 624 712 624 704 0
w 624 656 624 648 0
w 624 600 624 592 0
w 624 544 624 536 0
d 768 536 808 536 2 1N4004
w 808 920 808 928 0
d 768 592 808 592 2 1N4004
d 768 704 808 704 2 1N4004
d 768 648 808 648 2 1N4004
d 768 760 808 760 2 1N4004
d 768 816 808 816 2 1N4004
d 768 928 808 928 2 1N4004
d 768 872 808 872 2 1N4004
d 768 984 808 984 2 1N4004
d 768 1040 808 1040 2 1N4004
162 912 784 912 824 2 default-led 1 0 0 0.01
r 912 824 912 912 0 1200
g 1296 880 1296 944 0 0
162 1296 752 1296 792 2 default-led 1 0 0 0.01
r 1296 792 1296 880 0 1200
w 1296 752 1248 752 2
w 1104 768 1168 768 3
a 1168 752 1248 752 8 15 -15 1000000 2.4587922045337205 2.458841380377811 100000
w 1168 688 1248 688 0
w 1248 688 1248 752 0
r 1168 688 1168 736 0 470000
r 1168 736 1168 888 0 470000
g 1168 888 1168 960 0 0
r 1296 752 1464 752 0 470
w 1656 736 1608 736 0
w 1464 752 1528 752 3
a 1528 736 1608 736 8 15 -15 1000000 4.917535233722935 4.917584409075272 100000
w 1528 720 1528 672 0
w 1528 672 1608 672 0
w 1608 672 1608 736 0
g 1784 856 1784 928 0 0
r 1784 704 1784 856 0 470000
r 1784 656 1784 704 0 470000
w 1864 656 1864 720 0
w 1784 656 1864 656 0
a 1784 720 1864 720 8 15 -15 1000000 4.917436884985236 4.917535233722935 100000
w 1720 736 1784 736 3
w 1912 720 1864 720 2
r 2160 848 2160 936 0 1200
162 2160 808 2160 848 2 default-led 1 0 0 0.01
g 2160 936 2160 1000 0 0
p 2160 808 2232 808 3 0 0 10000000
g 2232 808 2232 832 0 0
174 1944 768 1888 720 1 2000 0.005 Resistance
174 1992 808 1944 736 1 100000 0.005 Resistance
r 1992 808 2096 808 0 470
w 2096 808 2160 808 0
r 1656 736 1720 736 0 470
r 1056 768 1104 768 0 470
x 1889 800 1936 803 4 24 Fine
x 1956 720 2034 723 4 24 Coarse
x 1663 618 1738 621 4 24 LM358
x 1070 655 1145 658 4 24 LM358
x 668 495 801 498 4 24 10x\s2N7000
x 222 -190 355 -187 4 24 10x\s2N2222
x 22 464 54 467 4 19 555
x 54 -402 169 -399 4 66 \p9V
207 704 1056 808 1112 4 Resistor\sor\sPotentiometer\sSequence
x 384 1149 520 1152 4 18 Decade\sCounter
w 288 432 288 576 0
w 320 432 320 632 0
w 352 432 352 688 0
w 384 432 384 744 0
w 416 432 416 800 0
w 448 432 448 856 0
w 480 432 480 912 0
w 512 432 512 968 0
w 544 432 544 1024 0
w 576 424 576 1080 0
o 97 8 0 x281013 5 0.1 0 3 16 1 -76 97 3 0.025 -200 214 0 1 -76
